,WELL_DEPTH,WELL_DEPTH,WELL_DEPTH,WELL_DEPTH,WELL_DEPTH,WELL_DEPTH,WELL_DEPTH,WELL_DEPTH
AHS_Region,Reg_CAP,Reg_CAP_Other,Reg_NoSW,Reg_Other,Res,Unreg_CoR,Unreg_NoSW,Unreg_Other
In_year,,,,,,,,
1882.0,,,,,,,60.0,
1890.0,,,,,,,25.0,
1899.0,,40.0,420.0,,,,,
1900.0,0.0,137.0,,,70.0,,157.0,180.0
1903.0,,,,,,,0.0,
1908.0,,,,,,,395.0,
1909.0,,,,,,,20.0,
1910.0,,,,,,,400.0,
1911.0,,,,,,,12.0,
1912.0,220.0,,,,,,,
1916.0,,,,,,,225.0,
1917.0,,0.0,,,,,211.5,
1918.0,,32.0,,,,,,192.0
1919.0,237.5,,,,175.0,,254.0,210.0
1920.0,317.5,156.0,,,,,148.0,
1922.0,,,,,,,0.0,
1924.0,150.0,131.0,,,,,316.0,
1925.0,155.0,,,,,,500.0,
1926.0,,,235.0,,,,,
1927.0,,,70.0,,,220.0,294.0,0.0
1928.0,,0.0,,,,,340.0,
1929.0,250.0,,,,,,0.0,
1930.0,295.0,0.0,280.0,,65.0,348.5,125.0,0.0
1931.0,,20.0,,,,,,
1932.0,,0.0,,,,,,
1933.0,550.0,,,,,,0.0,
1934.0,,,365.0,,,,231.25,
1935.0,,217.0,,,,100.0,624.0,
1936.0,254.0,,,,,,213.16666666666666,0.0
1937.0,280.0,110.0,,,,,304.77777777777777,
1938.0,175.0,350.0,,,,,113.33333333333333,490.0
1939.0,,367.0,355.0,,,320.0,310.5,988.0
1940.0,274.3333333333333,278.3333333333333,191.66666666666666,,322.5,,246.75,17.0
1941.0,68.0,517.3333333333334,647.0,,,,447.75,
1942.0,,0.0,,,,,590.0,165.0
1943.0,1000.0,350.0,,,,,361.2,
1944.0,155.0,,80.0,,,,207.33333333333334,647.0
1945.0,543.3333333333334,334.1666666666667,300.0,,,357.0,341.14285714285717,109.22222222222223
1946.0,527.3333333333334,347.8888888888889,268.0,,,253.0,228.66666666666666,450.0
1947.0,501.0,590.7,548.0,,383.5,398.8,526.5,212.5
1948.0,461.14285714285717,467.0,220.0,,100.0,,431.53846153846155,342.6666666666667
1949.0,510.5,65.0,217.0,,880.0,,476.0,65.0
1950.0,451.3333333333333,400.0,426.0,,1647.0,0.0,313.1,263.0
1951.0,998.0,763.5384615384615,598.5,,283.0,55.0,635.8235294117648,764.25
1952.0,682.625,428.0,230.66666666666666,,505.75,,439.54545454545456,562.3333333333334
1953.0,668.8,727.5,642.5,,433.0,910.0,418.55555555555554,
1954.0,906.6666666666666,488.0,,,870.0,289.0,297.6,1487.6666666666667
1955.0,544.5714285714286,300.6666666666667,813.3333333333334,,1001.5,555.3333333333334,583.3333333333334,679.0
1956.0,746.5,102.26666666666667,1000.0,,505.3333333333333,,339.53846153846155,500.0
1957.0,775.0,511.2,1200.0,,0.0,825.0,500.0,474.0
1958.0,633.0,775.0,351.6666666666667,,95.0,471.5,634.4375,842.0
1959.0,600.0,391.3333333333333,675.0,,482.5,,618.5,143.33333333333334
1960.0,544.3333333333334,608.6666666666666,200.0,1029.0,,273.2,408.32,729.4
1961.0,736.5,611.3333333333334,350.0,1000.0,,,549.9,840.3333333333334
1962.0,326.5,1015.0,411.0,,750.0,688.0,355.1764705882353,663.5
1963.0,703.6666666666666,742.625,266.0,372.0,1120.0,250.0,480.77777777777777,645.8
1964.0,538.0,874.5,836.0,,435.0,771.0,552.92,482.0
1965.0,552.4,761.75,701.5,,640.5,648.0,480.3076923076923,999.1666666666666
1966.0,894.1666666666666,245.83333333333334,557.0,,,182.5,477.7142857142857,674.3333333333334
1967.0,568.375,1056.6666666666667,549.0,,173.0,498.0,661.3076923076923,872.5
1968.0,439.42857142857144,262.1666666666667,277.0,,525.0,600.0,850.0,411.8
1969.0,1228.3333333333333,376.0,697.5,206.0,1106.5,443.0,454.2,448.8333333333333
1970.0,425.3333333333333,593.1666666666666,102.0,,870.0,560.0,537.8181818181819,291.75
1971.0,398.54545454545456,551.6,242.0,,240.0,632.0,467.75,314.1666666666667
1972.0,588.5,388.3333333333333,286.0,,48.0,215.66666666666666,352.8235294117647,366.22222222222223
1973.0,606.3,423.625,592.0,75.0,446.3333333333333,220.0,296.3921568627451,464.25
1974.0,473.1,352.3,592.0,,348.0,241.0,425.80555555555554,374.5833333333333
1975.0,395.1666666666667,405.0,341.8333333333333,,329.5,263.6666666666667,353.5609756097561,438.42857142857144
1976.0,472.0,455.8888888888889,385.90909090909093,250.0,145.0,235.2,379.14,278.125
1977.0,433.60869565217394,422.25,377.65,425.0,642.75,205.0,386.5344827586207,394.1666666666667
1978.0,637.6,478.55172413793105,345.6923076923077,,377.3333333333333,172.42857142857142,350.05970149253733,313.77272727272725
1979.0,419.17391304347825,458.1111111111111,271.17391304347825,,913.0,163.75,336.22058823529414,297.8235294117647
1980.0,553.6,360.20512820512823,297.12068965517244,235.0,625.0,156.9,389.8217821782178,315.2857142857143
1981.0,371.3047619047619,375.4059405940594,290.0621118012422,910.0,338.94117647058823,187.40625,310.09896907216495,218.02797202797203
1982.0,356.24666666666667,345.4708994708995,321.6126482213439,223.8,382.5416666666667,137.35714285714286,260.7922350472193,239.59420289855072
1983.0,399.87919463087246,370.3652173913043,266.3911439114391,271.0,381.0,165.925,292.92189679218967,239.37083333333334
1984.0,397.52564102564105,401.6157205240175,284.90712074303406,359.57142857142856,340.3,173.5,284.2256699576869,237.26905829596413
1985.0,399.50375939849624,404.9836065573771,273.98924731182797,320.0,289.0,138.37179487179486,298.80749354005167,213.82264150943396
1986.0,367.4583333333333,380.4256926952141,296.25,124.16666666666667,129.11111111111111,198.88343558282207,285.6529850746269,229.2289719626168
1987.0,348.797385620915,356.10290827740494,318.1777777777778,112.18181818181819,294.3529411764706,164.60309278350516,289.36835599505565,234.5625
1988.0,316.08484848484846,350.0967741935484,300.75,210.0,258.3157894736842,173.23566878980893,282.0444444444444,214.99545454545455
1989.0,307.3523316062176,349.1374269005848,312.5622641509434,,223.8181818181818,131.8125,283.8912768647282,233.3674418604651
1990.0,346.96527777777777,294.21787709497204,299.7826086956522,227.66666666666666,264.1875,151.69565217391303,287.0855172413793,271.8333333333333
1991.0,329.95588235294116,254.21875,336.21890547263683,332.75,150.45238095238096,143.76543209876544,290.372027972028,259.50581395348837
1992.0,323.12213740458014,294.95802469135805,320.0045045045045,215.0,217.31578947368422,142.48958333333334,270.84517766497464,243.97237569060775
1993.0,338.31891891891894,290.14285714285717,315.1577380952381,230.0,172.66666666666666,141.11229946524065,275.32886723507914,214.0
1994.0,390.50877192982455,358.58293838862556,355.7087628865979,61.666666666666664,218.63636363636363,148.98039215686273,308.69919517102613,254.8140703517588
1995.0,382.4750830564784,347.34909090909093,348.1841491841492,424.25,232.23076923076923,162.9857142857143,288.8806104129264,256.5378590078329
1996.0,382.3222891566265,399.82809611829947,328.36486486486484,165.0,338.1666666666667,141.27896995708156,326.9033333333333,246.3603133159269
1997.0,354.50199203187253,415.6556603773585,367.43798449612405,90.0625,318.0833333333333,185.97297297297297,368.8189448441247,274.85526315789474
1998.0,393.410480349345,428.38102893890675,367.75235849056605,199.0,214.72222222222223,174.08724832214764,322.75,320.2390745501285
1999.0,390.4353741496599,426.01851851851853,383.6431818181818,210.0,296.09090909090907,155.06870229007635,348.0808080808081,276.0873563218391
2000.0,413.58947368421053,414.58652729384437,364.2867469879518,214.0,262.4230769230769,170.04188481675394,343.5865102639296,305.9610983981693
2001.0,443.921768707483,430.2509505703422,392.09711286089237,358.8,461.8181818181818,175.9770992366412,359.17157712305027,358.7174515235457
2002.0,412.6166666666667,452.8309409888357,423.74393530997304,361.25,303.54545454545456,206.30851063829786,349.64829106945973,408.4428571428571
2003.0,400.02564102564105,452.7881996974281,404.77884615384613,281.0,260.8333333333333,212.49333333333334,364.59425717852685,361.90344827586205
2004.0,495.20388349514565,473.1903114186851,435.31073446327684,182.05882352941177,157.66666666666666,172.4351851851852,355.2426108374384,357.9522388059701
2005.0,498.7489711934156,513.1062068965517,411.546365914787,242.75,516.1333333333333,208.8859649122807,409.8581560283688,360.875
2006.0,522.6652719665271,493.05993690851733,470.25745257452576,440.9230769230769,531.9333333333333,137.88976377952756,411.7292358803987,374.15384615384613
2007.0,568.1290322580645,476.6744186046512,474.7306397306397,273.741935483871,338.9230769230769,173.5546875,422.6932006633499,368.5684523809524
2008.0,380.2206572769953,473.98060941828254,366.02777777777777,192.5,172.46666666666667,170.13861386138615,445.93591160220996,322.96153846153845
2009.0,380.38271604938274,495.8008658008658,297.97202797202794,327.5,481.57142857142856,205.33333333333334,393.26719056974457,390.2992700729927
2010.0,462.0,471.27932960893855,429.775,260.0,370.5,111.0576923076923,431.6729222520107,317.6825396825397
2011.0,513.4875,593.6111111111111,395.7755102040816,181.66666666666666,,138.04651162790697,420.2770700636943,313.3404255319149
2012.0,534.0806451612904,438.8992248062016,409.038961038961,74.0,455.0,126.42857142857143,406.2762645914397,369.1132075471698
2013.0,415.7230769230769,426.9947368421053,456.0506329113924,145.875,647.5,132.73214285714286,436.02265372168284,437.4807692307692
2014.0,230.44375,357.096256684492,455.72222222222223,160.0,727.5714285714286,253.96774193548387,518.0041666666667,381.01960784313724
2015.0,348.03409090909093,428.03076923076924,447.22058823529414,333.3333333333333,428.57142857142856,236.86666666666667,552.8659420289855,431.8421052631579
2016.0,437.1,394.528384279476,441.80575539568343,282.5,343.6666666666667,168.42857142857142,518.1666666666666,421.2857142857143
2017.0,551.5957446808511,499.36708860759495,484.07659574468084,292.5,305.0,381.0,572.2275132275132,422.7865168539326
2018.0,448.82706766917295,500.7408536585366,448.52525252525254,257.45454545454544,408.7,161.74545454545455,553.1630434782609,491.5590551181102
2019.0,498.6547619047619,484.93609022556393,478.78142076502735,204.66666666666666,192.75,180.0,622.9084967320262,473.55056179775283
2020.0,589.2027027027027,461.7848101265823,474.2096774193548,270.0,415.2,181.1578947368421,504.2687747035573,366.1506849315069
